# Fix print output for fix def1
-1.37032598498075e-15 -0.0144015614562076 0.0267381109276433 0.0145684386824197
-0.00500000000000136 -0.420713280684952 -0.0608435144182189 0.0684854640468076
-0.0100000000000015 -0.802099769464808 0.0360364927712825 0.0909507410153711
-0.0150000000000015 -1.23904967378992 -0.0553429579156818 0.0373750501800328
-0.0200000000000015 -1.65669143676645 -0.0677163245382878 -0.0134082723710095
-0.0250000000000013 -2.03195057708673 0.00603210501859544 -0.00494197134127651
-0.0300000000000015 -2.47892602360208 -0.0923694018877308 -0.0472624145877048
-0.0350000000000015 -2.83437418741686 0.0470488451274778 0.0590746958291656
-0.0400000000000015 -3.15489540486589 0.0328204146285413 0.01658825949543
-0.0450000000000013 -3.53217116147834 0.0361004740167182 0.04634087882289
-0.0500000000000015 -4.06214557301056 0.0235406367893006 -0.00125836504459071
-0.0550000000000015 -4.31467488564176 -0.0173774474871633 0.0185810119034242
-0.0600000000000015 -4.7519281406135 -0.0033942006262094 -0.0534376614670282
-0.0650000000000013 -4.89357766803251 -0.0948398414259011 -0.214936717263973
-0.0700000000000014 -5.34461538178921 -0.138726479780009 -0.0399418453514015
-0.0750000000000014 -5.53928094951742 0.128812739987298 0.174600888589842
-0.0800000000000014 -5.66709379303914 -0.00535000586795384 -0.0199784939247427
-0.0850000000000012 -5.72312467926538 -0.0819728345426263 -0.0745004054929669
-0.0900000000000014 -5.509648516435 0.176059643897228 0.222983705754078
-0.0950000000000014 -5.50806949806369 -0.0182895689049868 0.0628912308154665
-0.100000000000001 -4.62267721466602 -0.090058052355391 -0.107295983920134
-0.105000000000001 -3.37657251966328 -0.070610932705249 -0.0646773555238249
-0.110000000000001 -2.02100971575179 -0.130110662121569 0.0452662423403505
-0.115000000000001 -1.20734683029442 -0.0112163351281558 -0.0136066092955616
-0.120000000000001 -1.30077297676758 -0.117575652969015 -0.128851532865537
-0.125000000000001 -1.24071920638298 -0.0236233395792731 -0.00301015949413641
-0.130000000000001 -0.770880472652494 -0.208363699174643 -0.0263633541180864
-0.135000000000001 -0.417645681091242 0.118681125955609 0.0199431552385713
-0.140000000000001 -0.333487680835306 -0.166263011324529 -0.0563866136483288
-0.145000000000001 0.917542294639829 0.0738392394203823 0.0306923972129961
-0.150000000000001 1.23839400690794 -0.183049915313334 -0.103716346244401
-0.155000000000001 1.02362440714534 0.16728524957637 0.063768907106398
-0.160000000000001 0.488384181945167 -0.00256526884664205 0.0728765869905307
-0.165000000000001 0.222993819170083 -0.0816980330201733 0.100008089930502
-0.170000000000001 -0.155751536786461 0.0640613290477524 -0.028170529325728
-0.175000000000001 -0.515182707062942 -0.0949784537637237 0.00575780172508682
-0.180000000000001 -0.630629155132426 0.0242217356128271 -0.0910113643456262
-0.185000000000001 -0.847022307734453 0.121764078927811 -0.0588079312905093
-0.190000000000001 -1.38881893555861 0.0135449632032593 -0.0267577368343299
-0.195000000000001 -1.45085858896862 0.10785402762332 0.111190748649893
-0.200000000000001 -1.68381893348092 0.0279484874821331 0.0823042990691368
